-0.000761955
0.0126866
0.009760529
0
0
0.00534502
-0.01652006
0.01546839
0.0317294
-0.01226958
-0.02446222
0.02452118
-0.03078025
0.04122169
-0.008625142
0.007838053
0.002936142
0.01291774
0.06561355
-0.01399522
-0.0403613
0.01456384
0.03620476
-0.01521194
-0.00150159
0.001884263
0.03509218
0.05795786
0.02796364
-0.01468264
0.02360695
0.006678278
-0.03163558
0.04396357
-0.04601459
0.01746804
-0.01656535
-0.08361726
0.02459763
-2.344611e-05
-0.006061137
0.06370643
0.02697139
0.03154924
-0.003091205
-0.04825118
-0.03826609
0.0155892
0.02766503
0
0.02169861
-0.008209806
0.01542259
0.02156259
0.03265436
-0.0001634538
0.01622682
-0.03225715
0.002243658
0.003920673
-0.04974556
0.02467667
-0.01171128
0.01217535
0
0
0.02260048
0.03180365
-0.01524812
-0.002128822
0.008373567
0.01182065
-0.05411277
0.02563763
0.006838449
-0.01315604
0.0957586
0.01768143
0.04553745
0.01690235
0.02811678
0.1032092
-0.00402987
-0.05579187
-0.02274983
0.03965661
-0.01356203
-0.05374111
0.003627899
-0.01565023
-0.01956476
-0.02632407
0.06373733
-0.0431421
0.01521758
0.006739526
0.04126703
0.005465223
-0.03131653
0.02379259
-0.00799948
-0.01448086
0.04423764
-0.01266231
0.01919892
0.06838257
-0.0003948292
-0.02451564
0.02326542
0.02820397
0.04485823
0.07787713
0.003159378
-0.03388545
-0.03462419
-0.07745985
0.009200013
0.05778191
-0.05456916
0.06365549
-0.001019862
0.00401241
-0.05920091
0.02658592
-0.008905481
-0.08380362
0.02164297
0.02905922
0.02056179
0.04579432
0
0.07141739
-0.02710329
0.05109202
0.007461876
-0.02357649
-0.03879922
-0.07201467
0.01921041
0.007653217
0.03190982
0.05590056
-0.03747434
0.0170745
0.001109048
0.09458182
-0.003120551
0.01489097
0.07562178
0.01624672
-0.1016127
-0.01725839
-0.0379124
-0.05886977
0.07569952
0.03747767
0.01480745
-0.01803754
-0.07374764
0.02859012
0.03094192
-0.03986483
-0.009798671
-0.1305818
0.0199939
-0.04371275
-0.04208231
-0.01911208
-0.04847788
-0.01471561
-0.09590565
-0.03101979
-0.007976167
0.02517709
0.00251014
0.0558515
-0.01187701
0.04180298
0.01703405
0.002523621
-0.06572778
-0.01286748
0.0152802
0.02467836
-0.0119922
0.004979519
0.05460645
0.04345795
-0.03637276
-0.03358845
0
0
-0.007199982
0
0.0488244
-0.0005373302
-0.04170169
-0.03454684
-0.007717345
0.08463552
0.03349736
-0.05353078
0.01231887
-0.03064926
-0.03561113
-0.02639451
-0.01470101
-0.008142319
-0.008605601
0.0495395
0.001265992
0.0124704
0.05546759
-0.01600136
-0.07838999
-0.04001056
0.02177265
-0.07049686
0.01359924
0.06517774
-0.03668086
0.003642127
-0.02956779
0.0109027
0.005298571
-0.0174612
0.03989822
-0.01708773
0.08989397
0.0371326
-0.00889846
-0.02585652
0.03391461
0.06778009
-0.01145454
-0.009275114
0.008510341
0.05195034
-0.008993699
0.03907654
-0.06664221
-0.01740539
0.08552641
0
0
0
0.0149339
0.1009383
0.009850989
0.09549208
-0.04452758
0.0380043
0.01493099
0.02534078
0.02885633
0.05649463
-0.0313206
-0.01498993
-0.02542333
0.06465599
0
0.001696759
-0.02256612
-0.02169008
0
0
0.05525068
0.01242421
0.08563749
-0.01911274
-0.05472183
0.08466435
-0.04441191
-0.01126851
-0.04339274
-0.004872407
-0.09000045
-0.01868207
0.04521405
-0.07233646
0.02149376
-0.01706563
0.1960348
-0.04190815
0.05818713
0.1039004
-0.04776472
0.003056895
-0.06833414
0.01238568
-0.07053406
-0.06490568
-0.03230791
-0.07338534
-0.01490854
0.06929618
0.0005726471
-0.1719127
0.06224874
-0.02389009
-0.02479988
0.1126576
-0.08324058
0.08089418
-0.1091059
-0.06484591
0.07322252
0.1548919
0.003185506
0.04467175
0.1571301
0.01380195
-0.09640993
0.06377429
-0.2312389
0.1211192
-0.08599275
0.1334719
0.08648776
0.09871265
-0.01173779
0.1882102
0.2549249
-0.1298363
-0.2275084
-0.141338
-0.02203678
0.1420752
-0.105189
-0.02250336
-0.1871193
-0.02572943
-0.006878593
-0.1163222
0.03591392
-0.00618777
-0.05445916
-0.1567421
-0.01845439
-0.01352659
0.05776682
0.005419316
-0.09912122
-0.06850716
-0.00387082
0.08215608
0.07304025
0.05653337
-0.03804913
0.06610688
-0.05908545
0.07386141
-0.05007452
-0.1169971
-0.04409005
0.02246746
0.002299406
0.08810077
0.02193397
-0.03811243
0.07051541
-0.155253
-0.0912312
-0.1663326
-0.01656367
-0.07255127
-0.03739975
0.05834567
-0.02042346
0.01280193
0.01687059
0.03482291
-0.02154207
0.06368441
-0.003587232
0.04202779
0.00204579
-0.03292382
-0.01294099
0.008982718
0.05127509
-0.1160889
-0.04748602
0.03589871
-0.01361601
-0.01738906
0.0129081
0.07945514
0.06108168
0.03634261
0.005690462
-0.01941477
0.07577214
-0.001087293
0.002015063
0.06067652
-0.05031917
-0.03046226
-0.07737509
-0.02025506
0.008102679
-0.01315624
-0.05102387
-0.006531571
-0.03853028
0.01206718
-0.06511912
-0.04461929
0.0002005866
0.08282146
0.0153268
0.03955196
0.02467374
0.01237747
0.009368781
-0.08028905
-0.006073465
0.03983168
0.03810134
0.001229907
-0.03947476
0.04862573
-0.04927835
-0.007305775
0.03862535
-0.0006003587
0.0001149022
-0.05928631
-0.01043836
-0.002745189
-0.02880611
-0.01600203
-0.02333131
0.03133202
0.05140868
-0.05111341
-0.02631258
0.005139327
-0.001859877
0.02605421
-0.03946765
-0.01630683
0.03875488
-0.0004876802
0.0261847
0.07016391
0.03510833
0.0123583
0.06323109
-0.01345857
0.001857374
0.03449395
0.009858883
0.01388416
0.03250936
0.08730281
0.03926814
-0.0629683
0.01456704
-0.1098472
-0.003365416
-0.05596059
-0.03313803
0.02207586
0.06081936
-0.0291611
0.03908178
0.0263828
-0.054907
0.07862893
0.03868124
0.0740363
-0.05499255
-0.02318176
-0.0902053
-0.01966439
0.04855455
0.006159191
0.0002063283
-0.03807577
0.04595151
0.0007182687
-0.08387623
-0.0867446
-0.04659191
-0.05239938
0.07502089
0.0001773534
-0.02951347
-0.02529693
-0.01710929
0.01428396
0.02121358
-0.04240348
-0.02421735
-0.05324067
0.03064989
0.0245629
-0.01308047
-0.001522285
-0.002839443
0.02305104
0.03925714
-0.03095527
0
0.0005383311
0.021472
0.06081159
0.0846228
-0.001954424
0.01167026
0.0588156
-0.02024058
-0.02637811
-0.009404077
-0.01897542
0.02735944
0.05357257
-0.009947273
0.00638489
-0.05012724
-0.07658283
0.01377426
0.03613372
-0.02303852
0.01298388
-0.02347534
0.01618602
-0.02708858
0.002366522
0.02522729
0.06433725
-0.003250631
0.04999476
-0.0203776
0.00901525
0.02901688
-0.09724452
-0.03351516
-0.01406519
0.05908219
-0.07588411
-0.03317753
-0.03203403
-0.05361281
0.01792154
-0.0298927
-0.05337328
0.03622828
0.0482814
0.06283981
0.06051519
0.003419081
0.08475489
-0.01934069
-0.003080848
-0.05828114
-0.004494763
0.01038511
-0.01057327
-0.002753837
-0.04833774
0.05145368
-0.03678145
-0.009351583
0.03188525
0.04617991
-0.01733715
0.03416319
0.000258866
0.006229548
0.05201962
-0.02579319
0.04663763
-6.564741e-05
0.00891483
0.04171652
-0.04987998
0.04114671
0.005339891
0.003012454
0.02122905
0.003536252
0.02936009
0.05761252
0.006831405
0.005828473
-7.638781e-05
0.07890693
0.01485269
0.02006514
-0.04971758
0.01819263
0.07992469
0.02340954
0.05014143
0.0108714
-0.02600731
0.03028285
-0.004787106
0.002461716
-0.0188415
-0.02572069
-0.00257906
-0.01766816
0.01479089
0.008473248
0.0112313
-0.0297248
0.005932552
-0.02846329
-0.02547771
-0.04190813
0.0312394
0.01939721
-0.03105777
0.004392367
0.02360686
0.08599987
0.007225874
0.01227073
0.0005643091
0.004522187
0.01739578
0.04466347
0.03041387
0.04356177
0.03972128
-0.01284486
-0.003204547
-0.04296519
0.03513392
-0.006947674
0.03162861
0.04383823
0.02716664
-0.02719542
0.05934003
-0.006240628
-0.03655208
0.002964126
-0.02248326
-0.08052291
0.01473335
-0.02015148
0.001976431
-0.009043385
-0.02200564
0.1420977
0.02953125
0.04473393
-0.006366148
0.01238265
0.044404
0.04662704
-0.01032263
0.01203766
0.02905177
-0.07508812
0.003058498
0.05388721
-0.01651159
-0.05250365
0.00271616
0.06690708
0.08201769
0.02151873
-0.1302963
0.05863379
-0.001544855
-0.04021344
-0.03089705
0.01341763
-0.07662855
-0.0367578
0.05396841
-0.01558251
-0.04662098
0.05405855
0.000882089
-0.06338564
-0.07567184
-0.02526669
-0.05410073
0.04152816
-0.02887515
-0.03781374
-0.04979726
0.05941822
-0.04159192
-0.03975637
0.01213072
0.03102525
-0.07624764
-0.05488887
-0.01553398
-0.003736688
0.006556151
-0.03767635
0.02683185
-0.02611486
0.06658287
-0.04200064
0.04200064
0.006026142
0.04488969
-0.03441427
0.01341668
0.03993637
0.04271442
-0.0154867
0.03434898
-0.0140861
-0.06539799
0.0178495
-0.0173984
0.0846111
-0.01302044
-0.02618004
-0.01618757
0.01326703
0.01707529
0.01382788
0.06867254
0.03664204
-0.02817503
-0.01964465
-0.0004315307
0.08963428
0.04103849
-0.008318044
-0.008510806
0.05781692
0.07401555
-0.08990995
-0.01752726
-0.02787282
0
0.05795372
0.02907273
0.07591225
0.02308368
0.04861293
-0.01701511
-0.1589099
-0.03053846
0.06869232
0.0233171
0.05538559
-0.03262643
0.03662372
-0.06088844
-0.1081374
-0.0208003
-0.02478817
-0.0726145
-0.06347837
0.03444805
-0.06209203
0.02083841
-0.003236182
-0.1051746
0.003023271
-0.004272458
-0.005668161
-0.01454808
0.0002501605
0.06474088
0.009104609
